--,--,--,--,--,--,--,--,--,--,--,--,--,--,--,--,--,--,--,--,--,--,--,--,5,47,2,35,32,78,89,90,96,33,4,69,42,30,54,85,65,83,44,63,20,17,66,81,67,77,36,68,82,93,10,25,9,34,24,72,91,88,11,38,3,45,14,56,22,61,97,27,12,48,18,1,31,98,86,19,99,92,8,43,52,23,21,0,7,50,57,70,49,13,51,40,76,94,53,59

31 93 -- 11 30
 2 45 40 69 33
82 21 -- 99 86
57 -- 34 94 85
-- 49 -- 14 65

96  2 20 -- 24
-- -- 27 83 48
 7 93 99 82 --
 3 91 66 35 85
-- 78 67  4 22

10 -- 50 -- 40
78  5 17 59 44
38 88 -- -- 32
 8 72 -- 90 23
-- 93 49 -- 20

25 -- 32 30 --
 6 66 38 --  5
31 13 56 67 34
69 18 -- 44 96
-- 14 88 97 40

-- -- 50 10 68
18  7 -- 72 82
83 23 19 70 --
11 -- 30  8  3
 6 81 27 34 99

40 52 66 20 49
93 -- -- 35 --
97 88 -- 98 81
-- -- 99 47 12
83 76 57 -- 22

52 76 43 86 99
-- -- 61 36 42
11 69 65  3 49
33  7 --  8 25
50 82 32 -- --

45 38 88 96  8
22 17  5 -- 66
-- 12 61 59  2
 0 -- 18 -- 98
 7 -- 23 56 92

20  7 12 -- 69
81 63 89 57 19
18 44 61 -- 53
47 27  8 30  0
-- 99 -- -- 96

70 50 63 56 --
-- 97 65  5 96
72 68 -- 91 61
34  0 14 --  4
45 53 78 -- 47

19 12 92 -- 97
22 -- 38  9 82
86 72 99 59 89
-- 18 21 -- --
33 77 -- 54 94

66 99 10 44 48
38 45  4 63 --
50 27 88 56 89
81 91 72 90 32
76 -- 17 --  7

-- -- 10 77 50
97 -- 90 98  4
66 32 -- 35 --
 1 99  7 96 23
-- 31 94 --  5

20 72 78  5 69
88  8 -- -- 30
-- --  4 53 47
45 13  7 14 52
86 12 66 -- 76

-- 53 59 68 --
63 40 20 -- 43
 5 27 67 -- --
99 51 12 76 50
78 23 89 22 57

 0 96  2 88 11
98 52 70 -- 22
-- 50 18 49 --
97 -- 68 21 47
90 57 -- 99 48

 7  3 77 61 34
57 69 -- 68 --
 8 49 33 22 --
63 10  4 -- 59
-- 20 -- 44 --

90 68 -- 99 38
-- -- 56 70  3
88 52 18  4 --
40 85 89 -- 44
65 -- -- --  2

66 43 12 10 70
-- 57 54 -- --
-- -- 40  3 52
36 21 38  8 --
 7 -- 42 32  0

57 51 69 34 43
14  9 96 88 --
90 22 83 30 --
-- -- 91 48 97
54 38 89 66 --

51  4 49  2 59
53 40 33 54 45
69 -- 92 -- --
93 72 94 90 35
76  8 -- 38 52

 5 -- 19 -- --
14 -- 27 -- 78
24 69 23 96 42
 0 81 10 20 13
36 57 17 76 52

38 25  7 88 33
24 -- 96 85 --
52 89 63 93 18
94 20  0 98 --
 9 30 27 -- 83

-- 97 -- -- 67
92 -- 24 11 38
 8 70 65 63 45
83 22 30 76 96
21 85 -- 59 36

 1 -- --  0 --
68 -- 61 -- 51
85 -- -- 69  3
94 -- -- 43 --
57 21 48 22 42

61  5  1 25 --
50 40 -- 14 94
32  0 68 -- 54
-- 45 51 31 97
56 52  8  9 63

20 36 72 -- 83
 4 88 35 -- 24
68 -- -- 30 34
61 -- 42 93 66
48 12 57 -- 11

89 52 47 66 --
67 -- 30 -- 22
44 -- 23 86 --
81 25 10 53 94
56 -- -- -- --

38 -- 76 43 50
83 53 --  4 44
52 47 91 49  7
 0 85 96 78 86
32  8 81 -- 90

76 67 31 -- --
-- 70  9 83 78
-- -- 86 -- 72
-- 53 82 89 --
-- 97 68 96 11

88  7 32 40 94
-- 68 13 --  9
20 -- 72 49 25
56 86 78 12 18
27 34 19 48 44

88 19 -- -- --
53 47 40 -- 77
 3 93 14 38 33
78 -- -- 32 22
--  0  2 -- 54

52 35 43 77 --
53 56 93 92 12
-- 23 -- 10 66
63 96 -- -- 94
 6 -- 76 21 89

-- 11 -- -- 18
77 --  0 30 --
 2 97 13 27 98
68 40 91 56 20
78 42 45 -- 24

-- -- -- 12 66
 9 -- 30 70 88
18 72 27  5 --
49  3 47 33 --
-- 63 98 -- 21

20 52 -- 33 27
--  2 48 -- --
 9 32  5 -- 53
-- -- -- 12 --
96 -- 61 63 22

30 48 -- 21 83
56 94 -- 47 99
93 66 25 76 57
-- 96 -- 13 --
-- 42 -- 31 20

30 77 49 36 34
53 -- 11 38 61
-- 72  4 -- 92
91 10 21 51 31
89 43 14 23 45

30 76 12  1 21
31  0 82  2  8
-- -- 61 32 99
65 -- -- -- --
-- 63  5 50 42

31 90 72 81  8
17 94 45 20 38
30 -- 68  0 25
-- 10 -- 61 83
-- 70 32 -- 99

21 -- 99 30  2
86 -- 53 54 --
82 13 -- 96 --
76  3 12 92 98
27 89 10 -- --

-- 38 98 18 --
-- 82 93 85 --
43  3 -- -- 86
97  1 19 12 67
94 72 68 88  0

-- 97 88  0 40
20  5 51 42 --
38  9 11 50 --
35 25 54 12 81
-- -- 57 94 --

 2 30 22 48 88
-- 86 69 31 57
97 -- -- 47 --
85 63 81 -- --
25 92 -- 11 83

 3 93 20 -- 86
21 31 -- 35 91
-- -- 25  4 92
19  5 38 52 59
-- -- 48 85 68

-- 32 66 93 68
-- 90 70 -- 57
99 94 51  3 --
 1 24 17 54 --
53 -- 50 96 49

50 27 72 42 --
82 -- -- 33 31
99  4 20  3 70
11 -- 57 -- 12
61 -- 14 -- 90

-- 23 66 99  3
 6 24 42 51 45
-- -- 53 25 72
32 57  5 --  4
78 44 67  7 50

 8 --  4 42 50
27 25 77 94 90
52 45 59 -- --
 0 78 36 86 22
56  1 -- 82 --

78 11 49 67 93
99 76 12 --  1
17 35 19 92 91
22 54 31 72 36
61 96 63 -- 33

 1 69 -- 21 72
-- 92 32 -- --
40 -- 52 42 --
-- 24 11 44 23
10 99 -- 36 98

-- 47 49 24 66
 2 19 38 57 94
54 22 17 33 42
65 -- 48 86 20
53 27 59 30 11

 3 81 -- 69 82
93 -- -- 51 --
76  7 38 57 91
-- 88  8 65 54
36 25  1 -- 77

-- 56 19 21 34
--  7 24 -- 86
68 -- 85 -- 88
18 -- 81 44 --
 0 52 89 47 59

49 98 57 90 --
76 88 -- -- --
38 78 77 83 99
-- 48  5 63 --
66 30 --  4 47

56 -- 93 43 11
81 -- 85 52 94
-- 91 36 97 27
18 31 -- 22 78
50 54 32 69 96

-- 20 51 50 30
48 83 22 76 85
--  3 63 67 92
97  0 -- 88  1
18 33 86 77 52

 1 18 50  7 22
11 96 47 94 67
-- 36 43 65 --
91 53 23 34 44
81 30 83 86 --

 1 36 10 -- 90
-- 35 -- 23 --
-- 53 76 40 85
89 77 -- 17 93
11 19 65  5 49

99 48 88 10 --
-- -- 66 -- --
 3 -- 92 91 86
-- 98 52 45 21
56 51  0 85 69

53 45 --  5 82
44 90 11  2 85
69 19 -- 89 47
 4 22 -- -- 52
81  1 --  9 38

18 57 -- 30 35
 9 32 52 44 25
69 43 61  3 51
 2  8 -- 85 33
72 13 45 10 --

52 24 -- -- 49
 0 -- 61 91 54
70 96 -- -- --
11 -- 85 -- 18
-- 90 20 66 67

13 -- 92 11  7
59 -- -- 12 --
27 77 89 70 96
81  5 -- 32 51
-- -- 33 63 99

-- -- -- -- 68
65  9 -- 48 90
-- 94 89 -- 21
-- 81 72 32 30
83 17 63 52 97

89  0 61 92 --
44 65 25 66 20
-- 27 -- 94 68
10 63 12 48 77
 6 32 82  4 40

 1 20 69 -- 45
 8  7 -- 27 19
40 --  2 98 32
35 -- -- -- 14
24 43 23 -- --

59 -- 32 -- --
78 61 85  4 --
40 30 24 31 --
89 -- 23 63 --
45 -- 44 21 19

88 44 -- 81 43
-- 18 10 --  3
-- 63 -- 53 --
 0 65 -- 54 21
14 25 76 13  2

61 57 77  0 92
12 27 68 89 72
86 21 44 43 40
-- -- -- -- 66
 9 59 32  3  8

20 93 99 67 --
53 52 19 72 23
31 65 25 88 10
61 -- 43  9 76
-- 33 --  3 96

83 -- -- 70 --
90 69  1 -- --
43 33 17 99 53
98 25 30  8 31
66 94 13 12 --

18 52 83  3 19
-- 51 -- 13 54
33  5 69 99  8
27 44 31 34  4
17 25  1 68 --

92 23 93 -- --
50 -- 30 42 25
77 83 56 -- 34
57 13 27 65 81
 7 -- 40 94  9

-- --  3 -- 82
 7 99 44 69  8
49 51 93 34 --
-- --  0 92  2
76 88 38 68 24

23 99 47 36 77
20 90  4 78 93
-- 88 52 -- 92
97 31 25 -- --
 6 21 68 45 53

 0 51 69 -- 56
10 47 12 52 --
65 -- 77 85 42
98 23 25 97 30
-- 86 67 35 22

24 36 70 99 98
94  1 59 67 35
81 25 -- 61 68
72 53  9 40 92
97 -- 91 -- 10

 1 78  3 66 --
-- -- 24 76 98
10 25 90 30 --
-- 96 83 72 51
-- -- 42 -- 44

59 -- 65 -- --
92  5 10 63 36
-- 90 56 89 70
83 45 24 -- --
-- 27 54  2 51

-- 23 63 -- 57
17 -- -- 83 --
-- 68 22 98 48
65 50 76  3 14
24 -- 25  7 86

35 -- -- 81 56
-- -- 34 30 33
 5 -- 21 -- 93
78 77 69 49 43
44 11 54 51 --

56 78 -- 24 --
70 85 -- --  9
97 65 -- 82  5
 2 12 20 -- 42
14 -- -- 69 --

42 31 88 -- --
65 97 11 34 48
85 96 27  0  7
--  9  5 72 53
-- 93 98 57 --

 1 10 -- 57 99
61 92 82 86 56
19 -- 43 -- --
42 -- -- -- 17
51 44 -- -- 35

17  0 -- -- 34
57 92 -- 82 40
 8 38 -- 35  4
 6 33 -- 97 96
52 11 21 10 --

89  2 81 22 34
77 -- -- 11 --
85 67 96 49 40
19  3 76 98 --
--  1 20 35 82

 4 57 -- 91 --
 8 -- 69  1  0
--  2 -- 20  5
98 40 96 82 93
12 51 23 68 83

-- 52 50  1 94
97 -- 24 90  5
 9 --  3 61 --
-- 91 34 --  8
30 --  4 18 45

92 63 96 34  9
14 25 89  4 98
23 67 90 -- 77
61  3 93 -- 82
51 65 48 36  8

70 65 20 76 50
17  1 33 -- 22
 3 98 44 91 --
59 83  2 67 --
14 63 56 86 --

61 53 45 88 36
96 -- -- -- 42
32 -- 44 -- 86
-- 94 27 54 57
65  3 21 17 --

14 -- 18 54 20
24 22 90  0 --
70 -- 33 12 27
45 -- 30 65 --
19 81 --  2 --

48 23 67 -- 86
40 -- -- 27 93
-- 44 13  3 53
24 98 54 34  8
49  1 -- -- 35

 3 -- --  5 --
86 50 -- 45 88
22 -- -- 34 94
81 -- 68 20 30
33 -- -- 35 57

49  1 -- -- 30
56  5 63 -- --
34 52 -- 19 66
59 96 -- 42 --
50 32 72 38 --

83 90 18 23 --
-- 89 -- 31 66
81 49  9  8 56
51 85 63 32 50
-- 47 11 98 17

68 83 -- 25 48
72 --  7 20 30
32 38 12 66 --
-- 10 44 23 45
-- -- 91 81 --

90 67 30 22 --
35 50 63 59 19
54  4 -- 38 65
43 47 56 96 20
-- 57 33 -- 49